groute = [(0, 0), (1, 0), (2, 0), (3, 0), (4, 0), (5, 0), (6, 0), (7, 0), (8, 0), (9, 0), (10, 0), (11, 1), (12, 2), (13, 3), (14, 4), (14, 5), (14, 6), (14, 7), (14, 8), (13, 9), (14, 10), (14, 11), (15, 12), (16, 13), (17, 14), (17, 15), (17, 16), (17, 17), (18, 18), (19, 19)]
obstacle = [(14, 16), (6, 12), (13, 15), (9, 6), (8, 4), (11, 6), (11, 12), (5, 8), (7, 12), (4, 6)]
groute = [(0, 0), (1, 0), (2, 0), (3, 0), (4, 0), (5, 0), (6, 0), (7, 1), (8, 2), (9, 3), (10, 4), (11, 5), (12, 6), (13, 7), (13, 8), (13, 9), (13, 10), (14, 11), (15, 11), (16, 11), (17, 11), (18, 12), (19, 13), (19, 14), (19, 15), (19, 16), (19, 17), (18, 18), (19, 19)]
obstacle = [(10, 9), (5, 4), (16, 8), (3, 13), (8, 7), (3, 8), (16, 15), (7, 10), (14, 3), (4, 14)]
groute = [(0, 0), (1, 0), (2, 0), (3, 0), (4, 0), (5, 0), (6, 0), (7, 0), (8, 0), (9, 0), (10, 1), (11, 2), (12, 3), (13, 4), (14, 5), (15, 6), (16, 7), (17, 8), (18, 9), (19, 10), (19, 11), (19, 12), (19, 13), (19, 14), (18, 15), (17, 16), (17, 17), (18, 18), (19, 19)]
obstacle = [(10, 8), (6, 12), (4, 11), (5, 10), (4, 3), (10, 7), (7, 12), (8, 12), (5, 3), (16, 12)]
groute = [(0, 0), (1, 0), (2, 0), (3, 0), (4, 0), (5, 1), (6, 2), (7, 3), (7, 4), (7, 5), (7, 6), (8, 7), (8, 8), (8, 9), (8, 10), (9, 11), (10, 12), (11, 13), (11, 14), (11, 15), (11, 16), (12, 17), (13, 18), (14, 18), (15, 18), (16, 18), (17, 18), (18, 18), (19, 19)]
obstacle = [(15, 4), (5, 9), (13, 8), (6, 15), (15, 15), (6, 16), (8, 15), (4, 5), (10, 3), (13, 7)]
groute = [(0, 0), (0, 1), (0, 2), (0, 3), (0, 4), (0, 5), (0, 6), (0, 7), (0, 8), (0, 9), (0, 10), (0, 11), (0, 12), (0, 13), (1, 14), (2, 15), (3, 16), (4, 16), (5, 16), (6, 16), (7, 16), (8, 15), (9, 15), (10, 15), (11, 15), (12, 15), (13, 15), (14, 15), (15, 15), (16, 16), (17, 17), (18, 18), (19, 19)]
obstacle = [(6, 5), (10, 12), (13, 7), (15, 5), (12, 12), (9, 12), (11, 9), (5, 13), (10, 4), (9, 4)]
groute = [(0, 0), (1, 0), (2, 0), (3, 0), (4, 0), (5, 0), (6, 0), (7, 0), (8, 0), (9, 0), (10, 0), (11, 0), (12, 0), (13, 0), (14, 0), (15, 1), (15, 2), (15, 3), (16, 4), (17, 5), (18, 6), (19, 7), (19, 8), (19, 9), (19, 10), (19, 11), (18, 12), (18, 13), (18, 14), (17, 15), (16, 16), (17, 17), (18, 18), (19, 19)]
obstacle = [(5, 3), (5, 8), (15, 12), (11, 9), (7, 7), (12, 3), (3, 16), (9, 4), (4, 11), (16, 9)]
groute = [(0, 0), (0, 1), (0, 2), (0, 3), (0, 4), (0, 5), (0, 6), (0, 7), (0, 8), (0, 9), (0, 10), (0, 11), (1, 12), (2, 13), (3, 14), (4, 15), (5, 16), (6, 17), (7, 18), (8, 19), (9, 19), (10, 19), (11, 19), (12, 19), (13, 19), (14, 19), (15, 19), (16, 19), (17, 18), (18, 18), (19, 19)]
obstacle = [(13, 16), (11, 12), (15, 9), (14, 16), (12, 13), (10, 16), (6, 6), (12, 6), (9, 9), (4, 4)]
groute = [(0, 0), (1, 0), (2, 0), (3, 0), (4, 0), (5, 0), (6, 0), (7, 0), (8, 0), (9, 0), (10, 0), (11, 0), (12, 0), (13, 1), (14, 2), (14, 3), (14, 4), (14, 5), (14, 6), (13, 7), (12, 8), (13, 9), (13, 10), (14, 11), (15, 12), (16, 13), (17, 14), (17, 15), (17, 16), (17, 17), (18, 18), (19, 19)]
obstacle = [(4, 8), (4, 5), (10, 11), (9, 6), (12, 16), (14, 16), (3, 13), (13, 16), (5, 3), (11, 4)]
groute = [(0, 0), (1, 0), (2, 0), (3, 0), (4, 0), (5, 0), (6, 0), (7, 0), (8, 0), (9, 0), (10, 1), (11, 2), (11, 3), (11, 4), (11, 5), (12, 6), (13, 7), (14, 8), (15, 9), (16, 10), (17, 11), (18, 12), (19, 13), (19, 14), (19, 15), (19, 16), (19, 17), (18, 18), (19, 19)]
obstacle = [(8, 15), (3, 16), (8, 12), (8, 7), (8, 4), (10, 13), (3, 9), (11, 16), (16, 15), (16, 5)]
